1001
0.026493
6.595521e-04
2.442786e-04
2.442786e-04
1.254418e-03
2.442786e-04
3.480970e-04
2.442786e-04
2.442786e-04
2.442786e-04
4.519153e-04
1.553740e-03
4.519153e-04
6.595521e-04
3.480970e-04
5.838104e-04
2.442786e-04
2.442786e-04
2.442786e-04
4.519153e-04
6.595521e-04
2.442786e-04
2.442786e-04
4.519153e-04
1.628524e-03
2.320646e-03
2.442786e-04
1.628524e-03
1.628524e-03
2.442786e-04
1.178644e-03
2.442786e-04
2.442786e-04
2.442786e-04
3.134908e-04
2.442786e-04
2.442786e-04
1.628524e-03
1.628524e-03
2.442786e-04
2.442786e-04
2.442786e-04
4.519153e-04
2.442786e-04
4.519153e-04
2.442786e-04
2.442786e-04
2.442786e-04
2.442786e-04
1.628524e-03
4.519153e-04
1.811936e-03
2.442786e-04
2.442786e-04
2.442786e-04
2.442786e-04
3.480970e-04
3.480970e-04
2.442786e-04
2.442786e-04
3.480970e-04
3.480970e-04
2.442786e-04
2.442786e-04
4.519153e-04
2.442786e-04
6.595521e-04
2.442786e-04
2.442786e-04
5.557337e-04
2.442786e-04
3.134908e-04
2.442786e-04
4.248323e-04
4.519153e-04
2.442786e-04
4.519153e-04
2.442786e-04
6.595521e-04
1.628524e-03
1.628524e-03
6.595521e-04
1.432540e-03
2.442786e-04
2.442786e-04
2.442786e-04
2.442786e-04
2.442786e-04
2.442786e-04
2.442786e-04
2.442786e-04
2.442786e-04
2.442786e-04
1.628524e-03
2.442786e-04
1.628524e-03
4.519153e-04
2.442786e-04
2.442786e-04
2.264558e-03
1.628524e-03
4.519153e-04
3.480970e-04
1.628524e-03
6.128339e-04
1.628524e-03
2.442786e-04
1.628524e-03
2.442786e-04
1.628524e-03
1.628524e-03
4.519153e-04
8.671889e-04
2.320646e-03
1.628524e-03
2.442786e-04
3.480970e-04
3.474184e-03
2.442786e-04
2.442786e-04
1.628524e-03
2.442786e-04
2.442786e-04
4.519153e-04
2.442786e-04
3.134908e-04
2.442786e-04
2.442786e-04
4.519153e-04
2.442786e-04
6.284066e-04
1.628524e-03
1.628524e-03
2.442786e-04
2.442786e-04
1.628524e-03
3.134908e-04
8.931435e-04
6.595521e-04
4.519153e-04
3.480970e-04
1.628524e-03
2.442786e-04
2.442786e-04
2.264558e-03
2.442786e-04
2.442786e-04
2.442786e-04
3.134908e-04
4.519153e-04
2.442786e-04
2.376734e-03
2.442786e-04
4.519153e-04
4.519153e-04
4.519153e-04
4.248323e-04
2.442786e-04
2.442786e-04
2.442786e-04
2.442786e-04
1.628524e-03
8.671889e-04
2.442786e-04
3.480970e-04
1.628524e-03
6.595521e-04
7.765764e-04
1.628524e-03
1.628524e-03
1.628524e-03
1.628524e-03
1.628524e-03
1.628524e-03
1.628524e-03
4.519153e-04
2.442786e-04
2.442786e-04
1.628524e-03
2.442786e-04
1.628524e-03
1.628524e-03
1.628524e-03
1.628524e-03
1.628524e-03
2.442786e-04
1.628524e-03
1.628524e-03
2.442786e-04
1.628524e-03
2.442786e-04
2.442786e-04
1.628524e-03
1.628524e-03
1.628524e-03
2.442786e-04
1.628524e-03
4.519153e-04
2.442786e-04
4.248323e-04
4.519153e-04
1.628524e-03
1.628524e-03
1.628524e-03
1.628524e-03
2.442786e-04
1.628524e-03
1.628524e-03
1.628524e-03
1.628524e-03
1.628524e-03
1.628524e-03
1.628524e-03
3.480970e-04
4.519153e-04
1.628524e-03
1.628524e-03
2.442786e-04
1.628524e-03
1.628524e-03
2.442786e-04
4.519153e-04
1.628524e-03
2.442786e-04
1.628524e-03
8.671889e-04
1.628524e-03
2.442786e-04
1.628524e-03
1.628524e-03
1.628524e-03
2.442786e-04
1.628524e-03
1.628524e-03
3.480970e-04
2.442786e-04
1.628524e-03
1.628524e-03
2.442786e-04
2.442786e-04
1.628524e-03
1.628524e-03
1.628524e-03
2.376734e-03
1.628524e-03
1.628524e-03
1.628524e-03
5.557337e-04
1.628524e-03
2.442786e-04
1.628524e-03
1.628524e-03
1.254418e-03
1.628524e-03
1.628524e-03
2.442786e-04
1.628524e-03
4.519153e-04
1.628524e-03
1.628524e-03
1.628524e-03
2.442786e-04
1.628524e-03
1.628524e-03
2.442786e-04
5.257708e-04
4.248323e-04
3.480970e-04
1.628524e-03
4.519153e-04
1.628524e-03
1.628524e-03
4.519153e-04
4.519153e-04
4.880540e-04
1.628524e-03
1.628524e-03
1.628524e-03
1.628524e-03
1.628524e-03
1.628524e-03
1.628524e-03
1.628524e-03
4.519153e-04
2.376734e-03
1.628524e-03
2.442786e-04
1.628524e-03
1.628524e-03
6.595521e-04
1.628524e-03
1.628524e-03
1.628524e-03
4.519153e-04
1.628524e-03
4.519153e-04
1.628524e-03
4.519153e-04
6.595521e-04
2.442786e-04
1.628524e-03
1.628524e-03
1.628524e-03
1.628524e-03
4.519153e-04
1.628524e-03
1.628524e-03
1.628524e-03
1.628524e-03
1.628524e-03
1.628524e-03
1.628524e-03
1.628524e-03
1.628524e-03
3.480970e-04
2.442786e-04
1.628524e-03
1.628524e-03
1.628524e-03
1.628524e-03
1.628524e-03
3.480970e-04
4.519153e-04
1.628524e-03
1.628524e-03
1.628524e-03
1.628524e-03
1.628524e-03
1.628524e-03
1.628524e-03
1.628524e-03
1.628524e-03
9.028999e-04
2.442786e-04
1.628524e-03
2.442786e-04
1.628524e-03
1.628524e-03
2.442786e-04
1.628524e-03
3.480970e-04
4.519153e-04
2.442786e-04
1.628524e-03
1.628524e-03
2.320646e-03
1.628524e-03
1.628524e-03
4.519153e-04
2.442786e-04
1.628524e-03
1.628524e-03
1.628524e-03
1.628524e-03
1.628524e-03
1.628524e-03
1.628524e-03
3.480970e-04
1.628524e-03
1.628524e-03
1.628524e-03
1.628524e-03
1.628524e-03
1.628524e-03
2.442786e-04
1.628524e-03
1.628524e-03
1.628524e-03
1.628524e-03
1.628524e-03
2.041369e-03
2.442786e-04
1.628524e-03
1.628524e-03
4.519153e-04
1.628524e-03
2.442786e-04
1.628524e-03
1.628524e-03
1.628524e-03
1.628524e-03
2.442786e-04
7.633705e-04
2.442786e-04
2.442786e-04
1.628524e-03
2.442786e-04
1.628524e-03
1.628524e-03
4.248323e-04
1.628524e-03
1.628524e-03
1.628524e-03
1.628524e-03
1.628524e-03
1.628524e-03
1.628524e-03
2.442786e-04
1.628524e-03
1.282462e-03
2.442786e-04
1.628524e-03
1.628524e-03
2.442786e-04
7.446597e-04
2.442786e-04
2.442786e-04
1.628524e-03
2.442786e-04
2.442786e-04
1.628524e-03
1.628524e-03
7.784242e-04
1.628524e-03
1.628524e-03
1.628524e-03
2.442786e-04
1.628524e-03
1.628524e-03
2.442786e-04
2.442786e-04
1.628524e-03
1.628524e-03
6.595521e-04
1.254418e-03
1.628524e-03
1.628524e-03
2.442786e-04
1.628524e-03
1.628524e-03
1.628524e-03
4.248323e-04
1.628524e-03
1.628524e-03
1.628524e-03
1.628524e-03
1.628524e-03
1.628524e-03
1.628524e-03
1.628524e-03
1.628524e-03
4.519153e-04
4.519153e-04
1.628524e-03
2.442786e-04
4.519153e-04
1.628524e-03
1.628524e-03
4.519153e-04
1.628524e-03
1.628524e-03
1.628524e-03
1.628524e-03
1.142824e-03
2.320646e-03
1.628524e-03
2.442786e-04
2.442786e-04
6.595521e-04
6.284066e-04
2.442786e-04
2.442786e-04
1.074826e-03
1.015634e-02
1.628524e-03
2.442786e-04
4.519153e-04
1.628524e-03
2.442786e-04
3.134908e-04
4.519153e-04
2.442786e-04
2.442786e-04
4.519153e-04
2.442786e-04
2.442786e-04
1.628524e-03
1.628524e-03
6.284066e-04
1.628524e-03
4.248323e-04
4.519153e-04
2.442786e-04
3.480970e-04
4.519153e-04
2.442786e-04
2.442786e-04
1.628524e-03
2.442786e-04
2.442786e-04
2.442786e-04
2.442786e-04
2.442786e-04
2.442786e-04
2.442786e-04
1.628524e-03
2.442786e-04
1.628524e-03
4.519153e-04
2.442786e-04
1.628524e-03
1.628524e-03
2.442786e-04
4.519153e-04
2.114224e-03
1.628524e-03
2.442786e-04
2.442786e-04
2.442786e-04
2.442786e-04
1.628524e-03
4.621366e-03
8.671889e-04
6.595521e-04
1.628524e-03
2.442786e-04
2.376734e-03
2.442786e-04
2.442786e-04
2.442786e-04
3.480970e-04
3.480970e-04
6.284066e-04
1.074826e-03
1.628524e-03
1.628524e-03
2.442786e-04
2.442786e-04
1.628524e-03
2.442786e-04
2.442786e-04
1.628524e-03
1.254418e-03
2.442786e-04
2.442786e-04
2.442786e-04
2.442786e-04
4.519153e-04
8.671889e-04
2.442786e-04
1.628524e-03
4.519153e-04
3.480970e-04
5.799580e-04
2.442786e-04
2.442786e-04
1.628524e-03
1.074826e-03
1.628524e-03
1.628524e-03
1.628524e-03
2.442786e-04
2.442786e-04
2.442786e-04
4.519153e-04
2.442786e-04
5.401610e-04
4.519153e-04
3.134908e-04
2.376734e-03
2.442786e-04
1.628524e-03
2.442786e-04
2.442786e-04
2.442786e-04
2.442786e-04
1.553740e-03
1.628524e-03
8.671889e-04
1.797041e-03
6.530482e-03
2.442786e-04
4.519153e-04
5.449659e-04
2.442786e-04
2.442786e-04
2.442786e-04
2.442786e-04
3.480970e-04
2.442786e-04
2.442786e-04
2.442786e-04
2.442786e-04
1.628524e-03
1.628524e-03
2.442786e-04
2.442786e-04
4.519153e-04
3.480970e-04
2.442786e-04
2.961878e-04
6.595521e-04
3.480970e-04
2.442786e-04
2.442786e-04
4.519153e-04
2.442786e-04
4.519153e-04
2.442786e-04
4.880540e-04
2.442786e-04
2.442786e-04
2.442786e-04
3.142166e-03
2.442786e-04
1.628524e-03
4.519153e-04
4.519153e-04
2.442786e-04
2.442786e-04
2.442786e-04
2.442786e-04
1.628524e-03
1.628524e-03
1.628524e-03
2.442786e-04
2.442786e-04
2.442786e-04
1.628524e-03
1.628524e-03
4.519153e-04
3.474184e-03
1.628524e-03
2.442786e-04
4.519153e-04
4.519153e-04
1.628524e-03
2.442786e-04
4.519153e-04
2.442786e-04
2.442786e-04
4.519153e-04
4.519153e-04
2.376734e-03
4.519153e-04
2.442786e-04
2.442786e-04
2.442786e-04
6.595521e-04
2.442786e-04
2.442786e-04
4.519153e-04
4.519153e-04
4.519153e-04
4.519153e-04
2.442786e-04
6.595521e-04
2.442786e-04
2.442786e-04
2.442786e-04
1.628524e-03
2.442786e-04
1.628524e-03
2.961878e-04
1.628524e-03
4.519153e-04
2.442786e-04
2.442786e-04
2.442786e-04
2.264558e-03
2.442786e-04
2.442786e-04
4.519153e-04
2.442786e-04
2.442786e-04
1.628524e-03
2.442786e-04
2.442786e-04
4.519153e-04
2.442786e-04
4.519153e-04
2.442786e-04
2.442786e-04
2.442786e-04
2.442786e-04
2.442786e-04
2.442786e-04
4.519153e-04
4.519153e-04
3.480970e-04
1.628524e-03
7.784242e-04
2.320646e-03
2.442786e-04
2.442786e-04
2.442786e-04
4.519153e-04
2.442786e-04
4.519153e-04
1.628524e-03
2.442786e-04
2.442786e-04
3.480970e-04
2.442786e-04
2.442786e-04
1.628524e-03
5.449659e-04
2.442786e-04
4.248323e-04
4.025187e-04
2.442786e-04
4.519153e-04
2.442786e-04
1.074826e-03
1.628524e-03
6.128339e-04
2.442786e-04
2.442786e-04
2.442786e-04
2.442786e-04
1.628524e-03
2.442786e-04
2.442786e-04
3.480970e-04
4.519153e-04
7.074996e-04
2.442786e-04
6.595521e-04
1.628524e-03
2.442786e-04
2.442786e-04
3.480970e-04
2.442786e-04
2.442786e-04
2.442786e-04
4.519153e-04
1.628524e-03
2.442786e-04
4.519153e-04
1.628524e-03
3.134908e-04
1.628524e-03
1.628524e-03
2.442786e-04
1.628524e-03
1.628524e-03
1.628524e-03
1.628524e-03
1.628524e-03
1.628524e-03
3.480970e-04
2.442786e-04
1.628524e-03
1.628524e-03
1.628524e-03
1.628524e-03
6.595521e-04
1.628524e-03
1.628524e-03
1.628524e-03
1.628524e-03
4.248323e-04
1.628524e-03
1.628524e-03
2.442786e-04
6.595521e-04
1.628524e-03
1.628524e-03
1.628524e-03
1.628524e-03
1.628524e-03
2.442786e-04
1.628524e-03
4.519153e-04
1.628524e-03
1.628524e-03
1.254418e-03
2.442786e-04
2.442786e-04
4.519153e-04
1.628524e-03
6.595521e-04
1.628524e-03
1.628524e-03
1.628524e-03
2.442786e-04
1.628524e-03
2.442786e-04
1.628524e-03
2.442786e-04
1.628524e-03
2.442786e-04
1.628524e-03
2.442786e-04
2.442786e-04
1.628524e-03
1.628524e-03
1.628524e-03
4.248323e-04
1.628524e-03
1.628524e-03
1.628524e-03
2.442786e-04
1.628524e-03
1.628524e-03
1.628524e-03
1.628524e-03
1.628524e-03
2.442786e-04
4.096915e-04
2.442786e-04
1.628524e-03
1.628524e-03
1.628524e-03
2.442786e-04
1.628524e-03
1.628524e-03
1.628524e-03
1.628524e-03
1.628524e-03
1.628524e-03
2.442786e-04
1.628524e-03
1.628524e-03
2.442786e-04
1.628524e-03
3.480970e-04
1.628524e-03
2.442786e-04
1.628524e-03
1.628524e-03
1.628524e-03
1.628524e-03
1.628524e-03
1.628524e-03
1.628524e-03
1.628524e-03
1.628524e-03
1.628524e-03
1.628524e-03
1.628524e-03
2.442786e-04
1.628524e-03
2.442786e-04
2.442786e-04
1.628524e-03
2.320646e-03
1.628524e-03
1.628524e-03
1.628524e-03
1.628524e-03
1.628524e-03
4.519153e-04
1.628524e-03
1.628524e-03
2.442786e-04
1.628524e-03
1.628524e-03
1.628524e-03
1.628524e-03
1.628524e-03
1.628524e-03
1.628524e-03
1.628524e-03
1.628524e-03
1.628524e-03
1.628524e-03
1.628524e-03
1.553740e-03
2.442786e-04
2.442786e-04
1.628524e-03
1.628524e-03
1.628524e-03
1.008187e-03
1.628524e-03
2.442786e-04
1.628524e-03
4.519153e-04
2.442786e-04
2.442786e-04
1.628524e-03
1.628524e-03
1.628524e-03
1.628524e-03
1.628524e-03
1.628524e-03
1.628524e-03
1.628524e-03
1.628524e-03
2.442786e-04
1.628524e-03
7.492234e-04
4.519153e-04
2.442786e-04
1.628524e-03
1.628524e-03
1.628524e-03
4.519153e-04
1.628524e-03
1.628524e-03
2.442786e-04
2.442786e-04
1.628524e-03
1.628524e-03
4.519153e-04
1.628524e-03
1.628524e-03
1.628524e-03
1.628524e-03
2.442786e-04
2.442786e-04
1.628524e-03
2.442786e-04
2.442786e-04
1.628524e-03
1.628524e-03
1.628524e-03
2.442786e-04
4.519153e-04
4.248323e-04
1.628524e-03
1.628524e-03
1.628524e-03
1.628524e-03
1.628524e-03
1.628524e-03
1.628524e-03
4.519153e-04
2.442786e-04
1.628524e-03
1.628524e-03
1.628524e-03
1.628524e-03
1.628524e-03
2.795908e-03
1.628524e-03
1.628524e-03
1.628524e-03
1.628524e-03
1.628524e-03
1.254418e-03
1.628524e-03
1.628524e-03
1.628524e-03
1.628524e-03
1.628524e-03
1.628524e-03
1.628524e-03
1.628524e-03
1.628524e-03
1.628524e-03
1.628524e-03
2.442786e-04
2.442786e-04
1.628524e-03
1.628524e-03
2.442786e-04
2.442786e-04
2.442786e-04
6.727580e-04
1.628524e-03
1.628524e-03
1.628524e-03
1.628524e-03
1.628524e-03
4.519153e-04
1.628524e-03
1.905373e-03
1.628524e-03
4.519153e-04
1.628524e-03
4.519153e-04
1.628524e-03
1.628524e-03
1.628524e-03
1.628524e-03
2.961878e-04
3.480970e-04
1.628524e-03
1.628524e-03
1.628524e-03
1.628524e-03
2.442786e-04
3.474184e-03
1.628524e-03
1.628524e-03
1.628524e-03
1.628524e-03
4.248323e-04
1.628524e-03
1.628524e-03
1.628524e-03
2.442786e-04
1.628524e-03
2.442786e-04
1.628524e-03
1.628524e-03
1.628524e-03
1.628524e-03
1.628524e-03
1.628524e-03
1.628524e-03
2.442786e-04
1.628524e-03
1.628524e-03
2.442786e-04
1.628524e-03
3.480970e-04
1.628524e-03
2.442786e-04
1.628524e-03
